44.9899826049805,27.5325565338135
 45.0166664123535,27.51833152771
 45.0863876342773,27.4725017547609
 45.1291694641114,27.4377765655518
 45.1477737426759,27.4152774810791
 45.1602745056152,27.3938846588135
 45.1688766479493,27.371940612793
 45.1769447326661,27.3261127471925
 45.1822166442871,27.3044414520265
 45.1886024475098,27.2827777862549
 45.2002754211427,27.2624988555908
 45.2244338989259,27.2430496215821
 45.2469444274903,27.2283306121827
 45.3111076354982,27.1930522918702
 45.3847236633302,27.1569423675538
 45.4088783264161,27.1469402313232
 45.5036087036133,27.0952777862549
 45.5266685485841,27.0852756500244
 45.5488739013673,27.0780506134033
 45.5741577148438,27.0713844299316
 45.5999946594239,27.0694446563721
 45.67138671875,27.0677757263184
 45.6933326721193,27.0577754974366
 45.7133255004883,27.0386085510254
 45.7308235168457,27.015832901001 45.7505416870117,26.9930496215821 45.7938766479493,26.9480533599855 45.8474922180175,26.9030513763428 45.8708305358887,26.8855533599854 45.9116516113282,26.859998703003 45.9336051940919,26.8499965667725 45.9797172546387,26.8436107635499 46.0272254943848,26.8416614532472 46.071933746338,26.8436107635499 46.1197166442871,26.8425006866455 46.1433296203613,26.8408336639404 46.1649856567383,26.8380546569825 46.186107635498,26.8327732086182 46.2305564880371,26.8197193145753 46.2522125244141,26.8097171783448 46.2730445861816,26.7988834381104 46.3138809204103,26.7741641998291 46.3810997009278,26.7305545806885 46.4486045837403,26.6825008392333 46.5166625976564,26.6388835906982 46.5391654968262,26.6258335113526 46.5630416870117,26.616382598877 46.5891647338867,26.6077785491943 46.6325035095216,26.6052722930909 46.6574859619141,26.6066627502442 46.678321838379,26.610330581665 46.6827697753907,26.6111125946046 46.6938743591309,26.6138038635254 46.7286033630372,26.6222171783448 46.7855567932129,26.6330547332765 46.8083305358887,26.6327724456787 46.8305473327636,26.62721824646 46.8519477844238,26.612497329712 46.8736038208008,26.593053817749 46.8933258056641,26.5738887786866 46.9152793884277,26.5561084747316 46.936378479004,26.5413875579834 46.9561004638673,26.522222518921 46.9769477844239,26.5044422149659 46.9966697692871,26.4852733612062 47.0177688598633,26.4686107635499 47.0300025939943,26.4480533599854 47.0399856567383,26.4266605377197 47.0602645874025,26.4027748107911 47.0822219848632,26.3952732086182 47.1286125183107,26.3858318328858 47.1508255004884,26.3791656494141 47.2919425964355,26.3277721405029 47.3180465698243,26.320001602173 47.3397254943848,26.310552597046 47.3872146606445,26.2916622161866 47.4077796936036,26.2805538177491 47.4299926757812,26.2655487060548 47.4461059570314,26.2444438934326 47.4541625976562,26.2244396209717 47.4616584777833,26.1986064910888 47.4652748107911,26.1761074066162 47.4697227478027,26.1322193145753 47.4741554260254,26.0686054229737 47.4733276367188,26.0427703857423 47.4749908447266,26.0213832855226 47.4744377136232,25.9138851165771 47.4755477905273,25.8516635894776 47.4855499267579,25.7188835144043 47.4841537475586,25.6950016021729 47.484447479248,25.6699962615967 47.4861068725587,25.6474971771241 47.4813804626465,25.6063861846924 47.4808235168457,25.5358295440674 47.4824905395508,25.4966678619385 47.4852676391602,25.4741573333741 47.4838867187501,25.4538879394531 47.4747123718262,25.3713855743409 47.4713745117188,25.2094402313234 47.4669418334961,25.0763835906982 47.4769477844238,24.8805522918702 47.4869346618653,24.8147144317628 47.49666595459,24.7824935913086 47.5149955749512,24.7527751922608 47.5291557312013,24.734998703003 47.5955467224122,24.687219619751 47.6611137390137,24.6533336639404 47.7844314575196,24.5788898468018 47.8694305419922,24.5199966430663 48.0083236694337,24.3888835906984 48.1361045837403,24.2766666412353 48.1847114562989,24.22194480896 48.2361068725587,24.1388816833496 48.2705574035646,24.0680522918702 48.2893257141113,23.9999980926515 48.3099975585938,23.8841629028321 48.3088836669922,23.7877788543701 48.309440612793,23.6772193908693 48.2886047363282,23.5161113739013 48.2486038208008,23.3011112213135 48.0594444274902,21.8605556488037 48.003330230713,21.4133319854737 47.9436073303223,21.0016651153565 47.8986053466797,20.7016658782959 47.8547210693359,20.3747234344482 47.8019409179688,19.9899997711182 47.7434692382814,19.530710220337 47.6069412231445,19.4933319091798 47.4494400024414,19.4583320617677 47.2441635131836,19.4333305358888 46.9738845825195,19.3924999237061 46.6358261108399,19.3647174835205 46.3086090087891,19.3361072540283 46.0630493164063,19.3119430541993 45.7938842773438,19.2938861846925 45.5438842773439,19.2719421386719 45.3694381713867,19.2547187805176 45.2661056518555,19.2536087036134 45.1763839721681,19.2561054229737 45.0758285522462,19.2666645050049 45.009162902832,19.2727775573732 44.9152755737304,19.2927742004396 44.8613815307618,19.3136100769042 44.8141632080079,19.333610534668 44.7636108398439,19.3586082458497 44.6849975585938,19.4116630554199 44.6127777099609,19.4574985504151 44.5166625976562,19.5124988555908 44.4963836669923,19.5258331298828 44.4741592407227,19.5433311462403 44.4149932861328,19.5944442749025 44.3947219848634,19.6097221374512 44.3533325195314,19.6433296203614 44.3294372558594,19.6613883972169 44.2711105346681,19.712776184082 44.2294387817383,19.7544441223145 44.2102737426759,19.7713851928712 44.1697158813477,19.8047218322755 44.1477737426758,19.8247184753419 44.1238861083986,19.8447189331055 44.1049957275392,19.8663864135743 44.0872192382813,19.8888854980469 44.072494506836,19.9111099243164 44.0244369506837,19.9972190856934 44.0102767944336,20.0194435119629 43.9905548095704,20.042221069336 43.9705505371095,20.0619430541993 43.9513854980469,20.0788879394532 43.930549621582,20.1005554199219 43.92138671875,20.1233329772949 43.9241638183595,20.1444435119628 43.9330520629883,20.1852760314941 43.9369430541993,20.2072200775148 43.9422149658203,20.2261085510254 43.9447174072266,20.2461071014405 43.9502716064454,20.2669410705566 43.959716796875,20.3116645812989 43.967498779297,20.3358306884767 43.9769439697266,20.3547191619873 43.9883270263672,20.374994277954 44.0224990844727,20.4197196960449 44.0369415283203,20.440830230713 44.0483322143556,20.4594421386718 44.0566635131837,20.4783306121826 44.0630493164064,20.4972190856934 44.0647201538087,20.5183296203613 44.0641632080079,20.5377769470215 44.0591659545899,20.55916595459 44.0483322143556,20.5847225189209 44.0283279418946,20.6066665649415 43.9894409179689,20.6369438171387 43.9663848876953,20.6577777862549 43.9238815307617,20.7049980163575 43.9080505371094,20.7291641235352 43.8966598510743,20.7494430541993 43.8555526733398,20.814998626709 43.8347167968751,20.8394412994384 43.8155517578125,20.8591651916504 43.7724990844727,20.8916664123536 43.7124938964845,20.9455528259277 43.6919403076172,20.9616661071778 43.667495727539,20.9761085510254 43.6416625976563,21.0147228240967 43.6255493164062,21.0361099243165 43.6124954223633,21.0602779388428 43.5708312988281,21.1227741241456 43.5416641235352,21.1683311462402 43.5074996948242,21.2127761840821 43.4780502319337,21.2555522918701 43.4408264160157,21.2994422912598 43.4213867187501,21.3199996948243 43.4033279418945,21.3413887023926 43.3908309936524,21.3616638183594 43.3863830566406,21.3813877105713 43.3861083984376,21.4036102294922 43.3874969482421,21.4227752685547 43.3974990844727,21.462776184082 43.4116592407228,21.5061073303222 43.4161071777343,21.5252742767334 43.4302749633789,21.5686073303224 43.4374923706055,21.6116638183595 43.4363861083984,21.6522216796876 43.4349975585938,21.6736106872559 43.4324951171876,21.6933326721192 43.4311065673829,21.7127742767334 43.4266662597657,21.7349967956543 43.4222183227539,21.7788887023926 43.4216613769531,21.7999992370607 43.4302749633789,21.8188858032227 43.4444427490235,21.8374996185303 43.4627761840821,21.8555526733399 43.4780502319337,21.8738842010497 43.4894409179688,21.8927764892579 43.5,21.9130573272706 43.5063858032227,21.9330501556396 43.5091629028321,21.9561061859131 43.5097198486329,21.9772186279297 43.4988861083984,22.0444412231446 43.4944381713868,22.0650005340576 43.4922180175781,22.0855522155761 43.4869384765626,22.1080551147462 43.4716644287109,22.2216644287109 43.4672164916992,22.2433338165284 43.4597167968751,22.2880554199219 43.4572219848633,22.3102760314941 43.4572219848633,22.3499984741212 43.4599990844727,22.3730545043946 43.4647216796876,22.3938865661622 43.4683303833009,22.4149971008301 43.484992980957,22.4766654968262 43.4866638183595,22.4988861083985 43.4761047363282,22.5188865661622 43.4519424438478,22.5305519104004 43.3827743530273,22.5397186279297 43.3316650390625,22.5522193908692 43.3097152709961,22.5555534362793 43.2888870239257,22.556941986084 43.2677764892578,22.5536079406739 43.2433319091797,22.5477752685548 43.2197189331055,22.5399971008301 43.1724929809571,22.5263862609863 43.148048400879,22.5202751159668 43.1249923706056,22.5172195434571 43.1011047363282,22.5197200775146 43.0174942016602,22.5516662597656 42.9958267211915,22.5733299255371 42.9833297729492,22.5936088562012 42.9808273315431,22.6138877868652 42.9822158813477,22.6341648101807 42.9891662597657,22.6744422912598 42.9902725219727,22.7149944305421 42.9866638183594,22.736385345459 42.9891662597657,22.7574996948243 43.0147171020508,22.8169422149659 43.0138854980469,22.8363876342773 43.0016632080078,22.8594455718995 42.9816665649414,22.8752765655518 42.960548400879,22.8869457244873 42.9380493164063,22.8947200775146 42.9163818359374,22.9005546569825 42.8916625976563,22.9066658020019 42.8708267211914,22.9097194671632 42.8249969482423,22.9127769470214 42.8008270263672,22.9130554199218 42.6913833618165,22.9233303070068 42.6463851928712,22.9261093139649 42.6002731323243,22.9258308410645 42.5758285522462,22.9236125946045 42.5066604614259,22.9213867187501 42.4616622924804,22.9266662597656 42.4402770996095,22.9333305358888 42.3952713012696,22.9536094665527 42.3744430541993,22.9705543518068 42.3577728271484,22.9916648864747 42.3461074829102,23.0136108398438 42.3163833618164,23.0752735137939 42.2977752685548,23.1161079406738 42.2863845825195,23.138053894043 42.2672195434571,23.1836090087891 42.2547149658203,23.2072238922119 42.2249984741211,23.2727775573731 42.213607788086,23.3149986267091 42.2066650390625,23.3605537414551 42.2027740478516,23.3802757263184 42.1986083984376,23.4238853454591 42.1911087036133,23.4455528259277 42.1822204589845,23.4655532836915 42.146110534668,23.5283317565918 42.1374969482422,23.5502777099611 42.1316604614259,23.5699996948242 42.1236038208008,23.613609313965 42.1141662597656,23.656665802002 42.104721069336,23.6802768707275 42.0880508422852,23.7016620635986 42.0666656494141,23.7174987792969 42.0463867187501,23.7288856506349 42.0258331298828,23.7383327484131 42.0041656494141,23.7497215270996 41.9841613769532,23.7683296203614 41.9763870239259,23.7891654968263 41.9738845825196,23.8102741241456 41.9736099243164,23.8519458770752 41.9747161865234,23.8713874816896 41.9783325195314,23.8941669464112 41.9797210693359,23.9163856506349 41.9830551147462,23.9363861083984 41.9863586425781,23.9491157531739 41.9883270263672,23.956663131714 41.9858627319337,23.9999980926515 41.9813766479493,24.0383243560792 41.9824905395509,24.0697174072266 41.9863739013672,24.1147155761719 41.98388671875,24.1516647338868 41.9852676391602,24.1897163391114 41.9913787841797,24.2216606140137 42.0024948120118,24.2699966430664 42.0099868774415,24.2899913787842 42.026107788086,24.3194427490235 42.0213775634766,24.340274810791 42.0158309936524,24.3497161865234 42.0108184814453,24.363889694214 42.0060958862305,24.3713855743409 41.9991607666016,24.3866615295411 41.998046875,24.4024925231934 41.998878479004,24.4152755737306 42.0047149658203,24.4277725219727 42.0102767944337,24.4358348846435 42.0355529785157,24.462215423584 42.0430526733398,24.4683284759521 42.0561065673829,24.4824943542482 42.0727767944336,24.5055503845216 42.0844345092773,24.5280494689943 42.0905456542969,24.543327331543 42.0988845825195,24.5788898468018 42.0980529785157,24.5947189331056 42.0960998535157,24.6113815307617 42.1127777099611,24.6486053466797 42.1252746582031,24.6672153472901 42.1397094726562,24.6858310699463 42.1666564941406,24.7249946594238 42.184440612793,24.7461032867432 42.2027664184571,24.7647209167481 42.2252655029297,24.7791576385497 42.2472076416016,24.7880516052247 42.2686004638673,24.7888832092285 42.2908248901367,24.7847175598145 42.3113784790039,24.7752723693849 42.3744354248047,24.7411079406739 42.3961029052734,24.7316665649415 42.4408187866212,24.7172164916992 42.484992980957,24.7063865661622 42.5060958862306,24.7022228240967 42.553321838379,24.6958255767823 42.5988845825196,24.6913833618165 42.6222076416017,24.6899986267091 42.6433258056641,24.6869392395021 42.6919326782227,24.68332862854 42.7194366455079,24.6824989318848 42.7655487060547,24.6872177124025 42.7933197021486,24.6911087036133 42.8405456542969,24.7002716064453 42.8838806152344,24.7061042785645 42.9049987792969,24.7047157287599 42.932487487793,24.7041645050049 42.9574966430665,24.6980514526368 43.0052719116211,24.6811065673829 43.0274887084962,24.678882598877 43.0491638183594,24.6830463409424 43.0733184814454,24.6947174072265 43.0988845825196,24.7105464935303 43.1197128295898,24.7305545806885 43.1313858032227,24.7491645812988 43.1408309936525,24.7680549621581 43.1444396972657,24.7883243560792 43.1408309936525,24.8080482482911 43.1299896240236,24.8280487060547 43.0994338989259,24.8697185516359 43.0888748168946,24.8897228240967 43.0841598510743,24.910270690918 43.0855407714845,24.9297237396241 43.0933227539064,24.950553894043 43.10888671875,24.9688835144044 43.1272125244141,24.9947166442872 43.1449966430665,25.0138816833497 43.1597137451173,25.0324935913087 43.1997146606446,25.0761127471924 43.2505416870117,25.127498626709 43.297492980957,25.1680526733399 43.3233184814454,25.1849975585938 43.3455429077148,25.1938858032227 43.4158248901368,25.2061042785645 43.490821838379,25.2236099243165 43.5419387817384,25.2341613769531 43.6122207641602,25.2461051940919 43.6394348144532,25.2519416809081 43.6655426025392,25.2586097717286 43.7191619873048,25.2772235870362 43.744987487793,25.2930526733398 43.7669296264648,25.3130474090576 43.7808227539062,25.3333282470703 43.8016586303712,25.3513832092285 43.8241577148438,25.362777709961 43.8463745117189,25.3697166442872 43.8694305419923,25.3794403076173 43.8913879394532,25.3972206115723 43.9152679443359,25.4372177124025 43.9238739013672,25.4569396972656 43.9444427490234,25.495548248291 43.9574966430665,25.5149955749512 43.9733276367188,25.5341606140137 43.9933319091797,25.5524997711181 44.0161056518556,25.5666656494141 44.0386047363282,25.5780487060547 44.0605468750001,25.5838794708253 44.0833206176758,25.5880565643312 44.1069335937501,25.5883293151856 44.1305465698243,25.5874977111816 44.198600769043,25.5791625976562 44.2463836669922,25.5722198486329 44.2947158813477,25.5633316040039 44.347770690918,25.5605506896972 44.3713836669922,25.5608348846436 44.4594345092773,25.5705528259278 44.5080413818361,25.5744457244874 44.5316619873048,25.5755558013917 44.5566558837892,25.5783309936525 44.5822219848634,25.5774955749513 44.672492980957,25.5674934387208 44.6952667236329,25.5686035156251 44.7172088623047,25.5724945068359 44.7261047363281,25.5922164916993 44.7308197021486,25.6113834381105 44.7397155761719,25.6541595458984 44.7416534423829,25.6752777099609 44.738883972168,25.7155494689942 44.7324905395508,25.758327484131 44.7272186279296,25.7783317565919 44.716651916504,25.8002777099609 44.6885986328126,25.8438835144044 44.6699905395507,25.8655548095704 44.6594314575196,25.8858299255372 44.6591567993164,25.9052734375001 44.6808319091798,25.9424934387208 44.6908187866211,25.9622154235841 44.6866607666016,25.9847183227539 44.6722106933594,26.0061035156251 44.6308288574219,26.0516605377197 44.6111068725586,26.0752716064453 44.5527648925782,26.1616592407226 44.5266647338868,26.2052726745605 44.4924926757813,26.251106262207 44.4702758789064,26.2683296203614 44.4269409179689,26.3055496215821 44.4069366455079,26.3236064910889 44.3880538940431,26.3444423675538 44.3763809204102,26.3647174835206 44.373878479004,26.3841629028321 44.3747177124025,26.4063835144044 44.3766555786133,26.4266605377197 44.3813858032228,26.447494506836 44.3894348144531,26.4933338165284 44.3944396972656,26.5133285522462 44.3983306884767,26.5341606140137 44.3980407714844,26.5805549621583 44.3947219848634,26.6019458770752 44.3841629028321,26.6238822937013 44.3791656494141,26.6474952697755 44.3858184814453,26.6674995422364 44.4085998535157,26.6786079406739 44.4330444335939,26.6863822937012 44.4572219848633,26.6902732849121 44.4802627563477,26.6922187805176 44.5022125244141,26.696382522583 44.5266647338868,26.7141647338868 44.5397186279296,26.732494354248 44.5497207641602,26.7522144317626 44.5780487060548,26.7919425964355 44.6327667236329,26.8491573333741 44.6560974121094,26.8677730560303 44.678596496582,26.8874988555908 44.7041625976562,26.9041576385498 44.7299957275391,26.916109085083 44.7544326782228,26.9238815307617 44.7777709960938,26.9277725219727 44.8024978637696,26.936939239502 44.825553894043,26.9519386291505 44.8377685546876,26.9713859558107 44.8435974121094,26.9905548095704 44.8466567993164,27.0124969482423 44.8455429077149,27.0338878631592 44.8391647338868,27.0555496215821 44.829429626465,27.0766639709474 44.8180465698242,27.0986099243164 44.8002777099609,27.1202735900879 44.7780456542969,27.1394386291505 44.7574996948243,27.1538887023926 44.7372207641602,27.169994354248 44.6958236694337,27.1980514526368 44.6730499267578,27.2105503082275 44.6508255004883,27.2177734375 44.6274948120117,27.2222194671631 44.6238784790039,27.2280502319335 44.6077728271486,27.2708282470703 44.6094436645508,27.3122177124023 44.6122207641602,27.3333282470704 44.6283187866212,27.3738822937012 44.6383209228517,27.3924942016602 44.6516647338868,27.4138832092286 44.6683197021484,27.4374923706055 44.6858215332031,27.4577713012696 44.7086029052735,27.4783306121827 44.7311096191407,27.4961051940919 44.753875732422,27.5074996948242 44.7766647338867,27.5169372558594 44.7999877929688,27.5208282470703 44.8202667236329,27.5036087036134 44.8349914550781,27.4813842773438 44.8563766479492,27.4658317565918 44.8786087036134,27.4569396972656 44.8999938964845,27.4524955749512 44.9258193969727,27.4608306884766 44.9522094726563,27.4747161865234 44.967498779297,27.4930515289307 44.9805526733398,27.5124969482422 44.9899826049805,27.5325565338135
